-0.4647764464827666
0.03699429624796092
0.021223026053287703
-0.03754173327200887
0.002449027356202653
-3080759667021337e-20
-0.0005741275275430688
0.0018266955845131696
-0.018343630154736272
0.014781188300430499
0.11409960186432214
0.11738491056465503
0.0069097644430167054
-0.01031702245674737
-0.0329388375550676
0.00425825485705279
0.01235509456898638
-0.01161368434611736
0.1341943113028282
0.30551815484947303
-0.04637609961326314
-0.026464343743875976
-0.10455482805734766
-0.3554535326146578
-0.0826604469987663
-0.06603583483290937
0.2752402646963458
-0.22893457309097992
0.02525612552151275
0.034332448581664114
-0.01519333784709773
0.025067875779630933
0.0011886864828435932
0.03531581792946996
-0.9053191506102884
-0.11403408248901416
-0.0009395203802645263
-0.016525596845113528
-0.005528200091955967
0.011085798565015594
16105751533848722e-21
0.0033653545137880283
-0.17636931969493486
-0.004268446459181236
0.01135845334516822
-0.06524489502457673
-0.015874452971642108
0.015500366672757495
0.10890944964219597
0.08807096170493904
-0.06574840799212261
-0.03287523106575208
-0.04021372637046057
-0.04673259002435326
-0.27414253325177584
-0.09229060697364942
0.1606949071345394
0.06538953361179575
0.02662712371926831
-0.011854838062872068
0.13915505998503983
0.03359236242033333
0.0179309157707765
-0.026741194100667224
-0.015782416618401216
0.02011886773316547
-0.001067425174455969
-0.003098911587977031
-0.015099827744360101
0.028671128572021
0.01311336867565088
-0.00545530887365331
-0.021091550971097467
-0.03422819921114756
0.03552296390985328
0.005379866010841035
0.10953735567742809
-0.09328014089908102
-0.0402240439443562
0.050586300517476805
0.006444751404618781
-0.01901494554790354
-0.005953919458908493
-0.010485741728352024
-0.07961487506071113
0.04073981515378598
0.053843078144778095
-0.004429234996704336
-0.0058046200007274016
0.0037207732207419184
-0.033061250602663336
0.02642920468626936
-0.019656442793660713
-0.01684378290759066
0.17851260640048072
0.3680355691510379
-0.20544238262435777
-0.055876529533255066
-0.03810172030466234
0.013977661416400292
-0.005554994779215935
-0.007313192399895396
-6.602165601209286
0.07798906963363691
0.10188713743049664
0.2770201730258656
-0.09147890363635161
-0.030810923447556312
0.040380000919978315
-0.06450782943438325
-0.00029801952321255575
0.03576138295435321
0.2473017671945736
-0.06547808612569919
-0.3985546968470755
-0.1285505073592388
0.23455397146034193
-0.26118870365800995
-0.2139719711094515
0.07343550548073946
0.0030648903694609703
0.021339957077382662
0.004844378220557906
0.004683479767766747
0.004046190605360954
-0.07331579651491
-0.1600665683110456
-0.04023773960072111
0.04841592332949733
-0.02217642463693419
0.036810407296516016
-0.0038065489351673636
-0.01321178033537436
0.05719261734445083
-0.20884006086854479
-0.14925573556168029
0.182275840874742
0.41579819901074405
0.18548329959323634
0.14291691983359178
-0.29251270478270464
0.2523708415136562
-0.21203655480700756
-0.07491833549388029
0.6990181376332346
-0.7566407685483936
0.5125689297664764
0.45784305315707075
0.06322998242877229
-0.16136592970527772
-0.010185554137557952
0.07430751905325728
0.1304642917938454
0.12248646092644998
0.7543424864964566
-0.1438581858758785
-0.027992432182586364
0.014658662335962984
-0.2183335433720995
0.05273781605197459
-0.16148838459395604
-0.05807029294420621
-0.17581770280052655
-0.21596029232403957
0.14924265163923478
0.05711239546425626
0.035441018828318537
-0.021305393234750017
-0.01005650843305354
0.23643239803198662
-0.16713593441550237
0.08341703251309213
0.1560335074685829
0.15942486311606646
0.04332501379134974
0.19557812628066523
0.19665172121382962
-0.13255806123339853
-0.06150810211290547
-0.028020704171621065
0.030647488010862027
-0.02475048692048371
-0.4521785566637289
0.14042515835625602
-0.12691339366541193
-0.23880946322163324
