0.2897093278987795
-0.024253807793073488
0.20451320638994458
-0.0566314349987391
-0.04912847805048198
0.015012972920585357
0.011055191979265123
-0.0075021276919769965
-0.04089978405993304
-0.019413584971296208
0.1967792577005047
0.042417141529273526
-0.011662132342772734
-0.004324272187283651
0.039043163943680875
0.018420275810838087
-0.008267428719305085
0.006883987717609217
-0.21705160830265413
-0.07510988886732957
-0.03388602504008379
0.0203749915654867
-0.19705439925444934
0.09691394929252672
0.056159122453631444
0.030471564073732766
0.22521314575737203
-0.052789439557520704
0.03130775019181207
-0.013637090795800177
0.011427240786751612
-0.0055279025814236726
-0.0968099024972914
0.04591889683938733
0.033895920532715
0.0481942611985674
-0.011870323619234012
0.01637208556235309
0.02972004238799719
0.021902319357266303
0.0007580070138179593
-0.004471966203289289
0.057851582910511776
0.11311215207424657
0.013255800862758208
0.0025129350396607005
0.035836570829711555
0.008264442291473412
0.37207775876582616
-0.26678478671881195
0.014111123098599184
0.06416722499599296
0.022411064298835975
0.03460012997624876
-0.3272834775535305
-0.06764664041144133
-0.11306288427329564
-0.06712373614453096
0.007056537063653156
0.002752287497815065
-0.13347027594480293
0.033131246643950306
-0.011569137141202319
-0.002040603032154857
0.013292412171847548
-0.024532426446626166
-0.002335148420826169
0.0036734405198324393
-0.039418290818806545
-0.0631447159792649
0.011996749349758683
0.00040280792021480836
0.13138332179180998
-0.06500645496954265
-0.06392800480199189
-0.005207583710214712
0.42303668439383263
0.10259917425212008
-0.016404018720708454
-0.029347186499674306
-0.08976541700605702
0.01343793896647045
-0.013237371515852046
0.012478149924827677
0.01963412457552202
0.02268285096676236
-0.050201875269390135
0.017437617864661904
-0.015271651395855393
-0.0216065991320838
0.045649089772861286
0.0033344421033757897
-0.014830700120611023
0.00799651227279039
0.08874349645473391
-0.19337454171804733
0.06020813602523721
0.09048827026509305
-0.005037330589950966
0.1187711811256009
0.03597233489979135
-0.04588315947144888
-0.20698944379870987
0.6962261180242361
-0.1407217513012507
-0.10233819474360593
0.04561722611508187
0.16155769147709895
-0.039140809670154555
0.014705626909082113
0.014756068087610876
-0.00806611216258409
0.3273905457093172
-0.1535680518940362
0.21247862766414136
0.12448147535486387
0.1467833590671609
-0.0048349578896395426
-0.01560327986307007
0.10700547898563284
0.04484522697756858
0.015445241542007868
-0.0012965601235208678
0.0005283815321414913
-0.02375092220382018
0.009880356788954693
-0.1494263277520414
-0.026918275809692464
0.042912188032018087
-0.024392810089850694
-0.06664925643868547
-0.008911029857917804
0.009435652774363899
0.05060696336524106
-0.02640138513633964
0.1921087173589951
0.1449279822134378
-0.015374773651376034
0.136083838830533
-0.22412560718568653
-0.22146354116487246
0.06927401516764092
-0.018393386160092423
0.2077042892777316
0.21474864012167935
0.044351937402328685
-0.0915002873668807
-0.10801093338565275
-0.058917447031069735
0.034029587612277645
0.03136269012447397
-0.006162992396979912
-0.0572917376014839
0.024314648708965186
0.25053249099044117
-0.023543961283524664
0.040153089725603705
0.01047086301370035
-0.16860570139701894
0.09021200401949306
