0.25061266567982005
0.010434293429845025
0.01980867174727154
-0.004216607675829193
-0.006873432012619656
0.003090878703563599
-0.005010109396736668
0.000846443810705159
0.0002523510945461709
38964369652356056e-21
0.009048565631301493
0.008064309232484088
-0.0063857040655474805
-0.0018986940002686462
-0.014682297150462353
-0.010181968473854879
-0.0029505505982288234
0.0027658018137922207
-0.016124267290096167
-0.011773859158329788
0.00014539221222677862
-0.0016544735233437644
-0.00901088199262709
-0.0004179207969212913
4004278055751263e-20
-0.005175935221911095
0.01054177278249459
-0.0023529355307260022
0.0074690641235351275
0.0009213627527438216
-0.0023833998895865524
0.00019705412760231047
0.014856127027134503
0.006455980659636807
-0.0022838739472475747
-0.003995808755462326
-0.00286270489410767
0.0041098439928968075
0.010313565735533058
0.0062863589409835165
-0.0007349485465851565
0.000666279083577286
-0.002612798260882478
-0.010263864275563035
-0.0004362731704537253
0.0022802392617941947
0.0040075747502973024
-0.0005236334316233581
0.026774139807259786
-0.010891413691314158
-0.0031895114482718406
-0.0011034318519369648
0.0013011976804116346
-0.0005220379274338994
-0.01674656460623203
-0.006805043362704599
0.006562380475343865
0.0043338619810435654
0.002601093137340652
0.0003854653689493699
-0.009676038707553009
0.002719936351447542
0.006158213999319945
-0.003192756674303841
0.005501775066133253
-0.008034456680148383
0.001401157113701148
-0.0026895343920159786
0.012275462843576427
0.025325557325284718
-0.0005118078748274426
0.002372638341218605
-0.018301115443758096
0.004795591782213188
-0.009663906779432938
-0.003357896925356829
0.04398842516005279
0.014445685754778524
0.0024285697554811228
0.0038229729321720015
-0.021657053095801657
0.0006117387710406013
-0.0021803399982825585
0.0007570442930729858
0.00019078836708180297
-0.00017405116161695364
0.019711326001231204
-0.0046825830271372245
-0.006650216590943456
-0.00793134671154768
-0.015482851850201507
-0.004827230627295454
-0.0027917063802140292
-0.0009674306498373858
0.010870461610156082
-0.004698751774834014
-0.0002602276840889668
-0.0030933516268254447
0.01123214701927536
-0.009313186460869092
0.006863472558922638
-0.004301349772802116
0.06849019539917274
-0.055162195959272416
-0.008748075018855663
-0.014978534378727454
0.0014891592221642853
-0.02100595889854197
0.016006547638393532
-0.009472675333247573
0.006900549337365591
-0.0028694795432022465
0.018430705532652376
-0.005052138958013733
0.008302350780499759
0.006081222914757247
0.014230960155105736
-0.0025907606181349747
0.003260907347507444
-0.005689036424543639
0.014320223374323968
0.006643894080581585
0.0015645596596744822
-0.002957491735986463
-0.00029771962204581904
0.002755342514451092
0.007587647954994499
0.0013187831467251292
0.0018012703688070684
0.002739082613559835
0.026310066372994195
0.003510636677006572
0.003292040324289215
-0.005393146722386393
0.010022609111863243
-0.018618056869656605
0.018316009292457996
0.0011302989085916959
0.00787655594869125
-0.009155806288547556
-0.01512048098359031
0.00017845458748872724
0.00021902998418145447
-0.009507886460591882
0.022048993003491325
0.0028437434276148295
0.0018362552124454505
0.02078598963665387
0.026457899773472498
-0.014326585373457712
0.013223461152141971
-0.006337633426872354
0.007835257454898898
-0.022268797048979924
0.012043750542725433
-0.0014393625041854818
0.018056876326044007
0.0019058482496667772
0.005171359333412751
-0.005606610091620787
0.0010250394924326664
0.005741835013044468
0.005315151603416502
-0.001147459283856084
-0.00010957988806708516
-0.0024618091710342004
-0.0015906367924908617
-0.00038397044810805253
-0.0010319918904493674
0.0027335620383095826
-0.0015083488227336185
0.0019952478200249003
-0.002283093360485848
0.003122678942698641
0.0014355391306701167
-0.006343870133797811
-0.0007124440135433804
-0.002069913490677883
0.0014628478063971355
-0.0016108972346303208
0.0018477594853115295
-0.0029135621256503328
-0.010536955828311427
0.0046164651307195855
-0.0013164410748236783
0.0021648423293799436
