0.22223134353819443
-0.022923285529551442
-0.009301948781813561
0.011216178867773175
-0.0007456352408714903
-0.012470026248884387
-0.018468654916018522
-0.008122650494011919
-0.00638127394731317
-0.014386572197887425
0.007216170698941745
-0.0009881062907976888
0.0020264933877503196
0.0073366902926079785
0.0018268674073222174
-0.007493986393031375
-0.014378194093665295
0.020491572794247202
0.0023526644255351934
-0.00039320659967007564
-0.005926829465054332
-0.011440267940861355
0.0071203338199186976
0.013555036324248107
-0.008631492727902597
-0.014821179115547011
-0.003876911327700958
-0.006293958637859649
0.0005343420092264109
0.0006308379060616856
0.05891233364236596
-0.04475493950365946
0.16065688919791085
-0.06978992345768821
-0.000554870864039072
0.008765543528083944
-0.0016786663070263602
-0.0056211384948645395
-0.0005218137090677202
7013625948824472e-21
0.003206730028731947
-0.006684903893903619
-0.0020943456066626945
-0.0015042613035271058
0.0025064185913424757
0.0016045659521024317
-0.022587311532935087
0.040927130261747144
-0.005187610362343708
0.009925686729667815
-0.0011284629795290753
-0.0012863510488692847
-0.005114824988200761
0.004351128666811822
-0.004329588305913267
0.0018132779207033981
6049215760491773e-20
0.002414847003021288
-0.016770394776897325
0.00334192097376051
-0.006812576925519185
0.014928247575625782
-0.0037872733552910634
0.011684468897802057
0.0004240432651680251
0.00039615244213814433
-0.018620330336734738
0.012544015734031235
-0.006463018782519927
0.001812131324387073
0.02795872698724183
0.014328178988834143
-0.01533944034399543
0.027933073689608214
-0.019967547225215918
0.015742801964463527
-0.002962650321569403
-0.0007294617377896342
-0.00034976818508324406
-0.0085180068892774
0.003123877127526509
0.0029823501460206577
-0.0016860837367202227
0.003312563895288655
-0.00226885678684539
0.005826556996382566
0.0042479977165422395
0.007486219630285089
-0.0009981309760738696
-0.009201614688324327
-0.0042286983347999095
-0.008310846185692559
-0.00231777244210744
0.0070431540340024044
-0.0028844302993955356
0.007226023443257657
-0.00306274577725851
-0.0018902469881276027
-0.03434187978032666
-0.01623275718310036
0.2828710255487038
0.355036051722823
-0.0027629271790517783
0.005377863899162289
-0.006743430027060489
0.012824783643500304
0.00036119582032332254
0.01031685475860177
0.0002066284655389057
0.005881020335191821
-0.008909261539750087
56289397936693e-18
-0.00629535729972789
0.012711782550168298
-0.0014169369750449228
0.006120772747823646
-0.0014463956370231797
0.011419165459971528
0.0017036605612101156
-0.0010184512588933933
-0.0015338102638191246
0.005428511856612827
-0.002309067920777423
0.0023003527737094458
-0.0006703228234869495
0.004902089460384535
0.022363936299653758
0.018285136748933298
-0.0007254524300368903
0.014711259756144245
0.005480542840315429
0.022408403375177154
0.00021302428073764995
0.008278678566565329
0.03303342558586988
-0.008627100739640623
-0.002316590890469739
0.014376860697530022
-0.02207039754828528
0.04605110865940804
-0.05197485118502959
0.0041974237701810505
0.00020812910946433957
0.02730920073827471
0.00447239692268114
0.01805390074597509
0.0012360628308449974
-0.0826325975871887
-0.002896791453973137
0.015263807775941348
-0.0018395711442797057
0.02629394746365903
-0.0218883825516911
0.0022761653776961674
0.0030346250141525043
-0.0037812700794876766
0.004806619913697618
-0.0018924927531445786
-0.00021341097984640484
0.001590680520966184
-0.0003100612060557343
0.0026739285268405867
-0.002656466044960286
0.004203163878718215
0.005528869269653772
0.005324197640408599
0.00361815211783948
0.0012342040433185523
-0.003975545598225131
-0.0009414345739484097
0.001141821892358344
0.0006999270868291998
0.0015515126871406947
0.0003321658581267075
0.0008777301423602977
-0.00431837198305869
-0.005339327364305846
-0.005206939133602076
-0.0028395214102887346
7789502735001036e-20
