0.500000 -0.950954 -0.223666
0.510000 -0.941887 -0.234861
0.520000 -0.932811 -0.245127
0.530000 -0.927982 -0.254908
0.540000 -0.922356 -0.264828
0.550000 -0.915088 -0.274710
0.560000 -0.909288 -0.283644
0.570000 -0.901305 -0.290346
0.580000 -0.892559 -0.297712
0.590000 -0.883061 -0.302833
0.600000 -0.877327 -0.309564
0.610000 -0.873995 -0.317076
0.620000 -0.862724 -0.319363
0.630000 -0.858411 -0.325380
0.640000 -0.860071 -0.334453
0.650000 -0.846131 -0.334346
0.660000 -0.841746 -0.337951
0.670000 -0.835782 -0.341792
0.680000 -0.823559 -0.340453
0.690000 -0.819076 -0.343213
0.700000 -0.812470 -0.345721
0.710000 -0.810509 -0.348464
0.720000 -0.807479 -0.348682
0.730000 -0.800842 -0.348831
0.740000 -0.794422 -0.346849
0.750000 -0.791207 -0.346483
0.760000 -0.785423 -0.341992
0.770000 -0.782322 -0.342166
0.780000 -0.775409 -0.332922
0.790000 -0.769548 -0.325355
0.800000 -0.765448 -0.320302
0.810000 -0.766346 -0.315512
0.820000 -0.763358 -0.306364
0.830000 -0.760540 -0.293119
0.840000 -0.755164 -0.279165
0.850000 -0.751814 -0.267158
0.860000 -0.746890 -0.249163
0.870000 -0.746111 -0.228690
0.880000 -0.738884 -0.207474
0.890000 -0.738281 -0.187875
0.900000 -0.720375 -0.162084
0.910000 -0.713228 -0.135384
0.920000 -0.706202 -0.110678
0.930000 -0.696684 -0.087457
0.940000 -0.690654 -0.068029
0.950000 -0.685300 -0.047340
0.960000 -0.673386 -0.026427
0.970000 -0.655070 -0.002599
0.980000 -0.652027 0.009201
0.990000 -0.640829 0.025003
1.000000 -0.631836 0.039007
1.010000 -0.623185 0.055918
1.020000 -0.620542 0.065281
1.030000 -0.609857 0.074529
1.040000 -0.596881 0.088400
1.050000 -0.598403 0.095321
1.060000 -0.589238 0.108524
1.070000 -0.574359 0.113047
1.080000 -0.561236 0.120377
1.090000 -0.556645 0.129246
1.100000 -0.555164 0.133746
1.110000 -0.551499 0.143590
1.120000 -0.542144 0.151512
1.130000 -0.537367 0.156047
1.140000 -0.535392 0.161923
1.150000 -0.523450 0.164867
1.160000 -0.513932 0.167226
1.170000 -0.511800 0.172622
1.180000 -0.503524 0.175734
1.190000 -0.505651 0.182041
1.200000 -0.491947 0.181188
1.210000 -0.495937 0.190502
1.220000 -0.482560 0.189227
1.230000 -0.481810 0.196562
1.240000 -0.475236 0.194577
1.250000 -0.472985 0.200718
1.260000 -0.466594 0.200422
1.270000 -0.457540 0.202160
1.280000 -0.452905 0.200456
1.290000 -0.453306 0.212583
1.300000 -0.451105 0.208091
1.310000 -0.445126 0.211555
1.320000 -0.438393 0.210258
1.330000 -0.440727 0.219771
1.340000 -0.436887 0.217355
1.350000 -0.433255 0.218158
1.360000 -0.426309 0.215397
1.370000 -0.420617 0.217933
1.380000 -0.419010 0.218017
1.390000 -0.413225 0.222425
1.400000 -0.415889 0.220638
1.410000 -0.410485 0.224831
1.420000 -0.399645 0.219296
1.430000 -0.402905 0.220999
1.440000 -0.401885 0.223746
1.450000 -0.392159 0.221637
1.460000 -0.391970 0.217495
1.470000 -0.392953 0.223808
1.480000 -0.386660 0.223625
1.490000 -0.380586 0.224473
1.500000 -0.377648 0.223484
1.510000 -0.371912 0.221017
1.520000 -0.375809 0.220621
1.530000 -0.367938 0.220172
1.540000 -0.367184 0.219970
1.550000 -0.364878 0.217934
1.560000 -0.359529 0.220317
1.570000 -0.355961 0.219300
1.580000 -0.356104 0.220485
1.590000 -0.350360 0.212753
1.600000 -0.350593 0.216828
1.610000 -0.342999 0.209310
1.620000 -0.340835 0.212402
1.630000 -0.335552 0.210351
1.640000 -0.333672 0.207980
1.650000 -0.330625 0.211219
1.660000 -0.330603 0.207252
1.670000 -0.327395 0.205048
1.680000 -0.323227 0.205413
1.690000 -0.321730 0.206469
1.700000 -0.319285 0.204204
1.710000 -0.315291 0.197325
1.720000 -0.313462 0.200905
1.730000 -0.309804 0.200335
1.740000 -0.306049 0.197853
1.750000 -0.307816 0.195964
1.760000 -0.302288 0.194791
1.770000 -0.298091 0.192555
1.780000 -0.296930 0.191460
1.790000 -0.293259 0.190416
1.800000 -0.293298 0.190415
1.810000 -0.292885 0.189628
1.820000 -0.287982 0.190860
1.830000 -0.285392 0.186770
1.840000 -0.283617 0.186273
1.850000 -0.281734 0.186398
1.860000 -0.277913 0.184245
1.870000 -0.277280 0.184342
1.880000 -0.272801 0.181582
1.890000 -0.271091 0.184495
1.900000 -0.266854 0.182015
1.910000 -0.265481 0.179816
1.920000 -0.261625 0.176949
1.930000 -0.261586 0.178582
1.940000 -0.259815 0.175437
1.950000 -0.255395 0.172725
1.960000 -0.255788 0.174569
1.970000 -0.253957 0.171506
1.980000 -0.247463 0.172088
1.990000 -0.250398 0.171989
2.000000 -0.243131 0.170697
2.010000 -0.242240 0.167121
2.020000 -0.241183 0.168677
2.030000 -0.240503 0.168478
2.040000 -0.239438 0.168564
2.050000 -0.235305 0.165214
2.060000 -0.231341 0.162866
2.070000 -0.231793 0.161284
2.080000 -0.229856 0.161614
2.090000 -0.231208 0.163045
2.100000 -0.226413 0.160395
2.110000 -0.224228 0.159347
2.120000 -0.223318 0.158322
2.130000 -0.217783 0.156051
2.140000 -0.215731 0.156820
2.150000 -0.216375 0.155433
2.160000 -0.212794 0.152516
2.170000 -0.211834 0.152301
2.180000 -0.211597 0.149328
2.190000 -0.206838 0.150313
2.200000 -0.207631 0.149640
2.210000 -0.203264 0.147378
2.220000 -0.203373 0.148606
2.230000 -0.204762 0.146674
2.240000 -0.199208 0.146842
2.250000 -0.197024 0.143179
2.260000 -0.194150 0.142274
2.270000 -0.194182 0.144367
2.280000 -0.191142 0.140349
2.290000 -0.190959 0.142367
2.300000 -0.190454 0.142381
2.310000 -0.188210 0.140871
2.320000 -0.186175 0.136966
2.330000 -0.182689 0.137658
2.340000 -0.182784 0.137725
2.350000 -0.180908 0.134556
2.360000 -0.181377 0.135883
2.370000 -0.174293 0.134454
2.380000 -0.175258 0.132193
2.390000 -0.172188 0.132009
2.400000 -0.170869 0.130780
2.410000 -0.171320 0.130486
2.420000 -0.168608 0.129264
2.430000 -0.168814 0.129570
2.440000 -0.168566 0.129828
2.450000 -0.165063 0.125940
2.460000 -0.163241 0.127579
2.470000 -0.161926 0.124757
2.480000 -0.160910 0.124365
2.490000 -0.160760 0.123936
