-2495.626983617576
-2688.581682354554
-2735.1795016125125
-3101.873643141598
-2756.238098184698
-2554.3193721307834
-2470.9782156614365
-2693.250497484387
-2368.3373589359016
-2579.68939421715
-2327.4209056755553
-2651.8381110080463
-2554.9960170166014
-2556.9780593978558
-2501.3383365442623
-2792.6782217799337
-2726.5686892363265
-2703.02237806612
-2597.7710384815728
-2866.0414617297392
-2733.7838590542597
-2444.7447253579576
-3013.8696373695057
-2724.362599676102
-2738.1919067809995
-3039.226020438922
-2804.0711146951962
-2711.2704202703844
-2893.129189622732
-2499.5947248782322
-3003.5292934947847
-2515.418920452368
-2555.3620560130184
-2551.1815200062956
-2641.158445195444
-2351.1031028940233
-2629.9271529031685
-2869.6063487690935
-2963.613670142224
-2815.173565823985
-2253.8185497042596
-2569.8045423618896
-2704.0352539625273
-2730.0548831543383
-2566.4048413274213
-2579.050643445724
-2903.222724344836
-2689.9168167986572
-2748.206787696081
-3011.7712104825714
-2694.690077485293
-2609.646042325636
-2420.993956670047
-2683.0208093531837
-2809.010798490768
-2836.6214329196937
-2736.159695098462
-2800.821167928738
-2476.889493930761
-2661.680850331313
-2753.9698356821627
-2904.374729593441
-2570.181427093743
-2513.2960355286305
-2205.7061044720085
-2574.4210040449725
-3030.149745372755
-2856.87479992945
-2906.0481892949156
-3047.914068704871
-2718.0660325006866
-2752.4927612887204
-2564.7300805676896
-2623.025714780304
-2596.146997431988
-2692.0358940212063
-2817.802470845809
-2803.575712237409
-2598.2495981348256
-2491.9128169467276
-2733.6366555085733
-2652.254424276276
-2715.5203053909645
-2510.654772086342
-2063.6814183787337
-2678.096139602647
-2834.1450014601724
-2672.2277480940666
-2497.7317387544226
-2635.137128369848
-2704.7542409921225
-2876.236735032837
-2592.9792346718004
-2713.8074860022316
-2957.4685586398664
-2866.29980472472
-2696.030488945209
-2899.7886791702786
-2692.570730134712
-2808.7202733762133
-2966.3933581323035
-2278.043363957495
-2770.8739068799787
-2559.815002631047
-2935.644467413729
-2649.3126366092765
-2808.1273477197938
-2940.8379244602656
-2283.3393256659238
-2661.5962382105663
-2703.6673622860835
-2613.629059416362
-2926.332596777742
-2473.060870753212
-2382.5006958352296
-2543.5179634581145
-2504.6827477763327
-2700.662128719545
-2830.618123421653
-2674.098813924016
-2507.0564387136837
-2898.685731599706
-2707.2527784391223
-2579.489279984122
-2682.567135998821
-2804.2522119112145
-2963.129436614985
-2389.4607580253323
-2649.726057608039
-2837.246689982172
-2851.7330289463334
-2690.1888171896826
-2914.4041722727034
-2798.0575811458584
-2746.7173999559236
-2751.9176165911194
-2599.3914221545165
-2735.8128394684736
-2911.063370136506
-2636.475910989666
-2630.8075052206314
-2579.408903775997
-3054.0117712747106
-2443.4760626078623
-2949.646530981656
-2502.5473314812953
-2607.183259101859
-2835.6907913913365
-2932.15580387957
-2714.5563984273413
-2653.599049658
-2529.2922911974874
-2721.963048901627
-2346.9635550293915
-2898.321531391024
-2408.441287767673
-2963.8318669163345
-2870.2241574300187
-2587.5756530192702
-2750.729194853644
-2717.6714262027817
-2466.7451226076737
-2995.972160943209
-2709.7389818160045
-2735.5374160460833
-2669.6170201168934
-2519.607835607032
-2661.670015847387
-2533.3263591856485
-2761.2087246305855
-2778.875637896883
-2727.5905863174175
-2638.0605523685063
-2887.1972747042455
-2464.6231042918917
-2382.1564545153815
-2832.2328454642084
-2750.644633587288
-2915.008702362127
-2738.1762647685155
-2259.9203234436463
-3030.0946530722413
-2520.6146780193667
-2768.346179533728
-2511.306624770461
-2466.8767744648776
-2656.148754047759
-2854.325670413411
-2833.3475621168873
-2888.2718762381082
-2868.9241351270994
-2817.6600699592473
-2868.4810362244243
-2631.764881959987
-2653.372278614772
-2507.4668040337365
-2587.5865790690987
-2848.4322346984136
-2431.8480698267667
-3045.0673470793354
-2599.8635512827423
-2488.2125145637383
-3094.8749137940904
-2411.425068940889
-2931.713632038909
-2480.410007911947
-2419.5765029400936
-2377.3683662801504
-2529.4893411978337
-2538.426312741507
-2891.286052027819
-2824.7847301903475
-2665.0329674195073
-2677.946799794552
-2760.7183875864685
-2602.769390600073
-2988.4756292813126
-2725.3041234699704
-2920.827876532483
-3032.3634822903423
-2911.0507728751727
-2588.7694783646803
-2271.1848695141816
-2908.883112851405
-2749.8179884380843
-2670.000155218895
-2681.1244748310164
-2551.5019267928674
-2617.7754283870036
-2697.235972331904
-2885.090674559622
-2661.0038002989404
-2802.2736297138417
-3080.8747455249686
-2564.62895169307
-2663.3071128506526
-2864.2312315871895
-2591.431748108509
-3089.2343112760427
-2419.5695840567987
-3069.8652917425443
-2882.881028108968
-2648.3268842875113
-2899.008569637619
-2981.6994045909923
-2553.5607290671196
-2621.406977958115
-2327.273226743506
-2787.9684248567028
-2574.2175215554325
-2524.0712883131873
-3137.0339851832523
-2517.5635743374332
-2839.152061907227
-2990.691016917146
-2592.918093363227
-2614.017406253952
-3309.027115073941
-3114.398952103076
-2640.4318112194433
-2652.153024866222
-2977.0677941120975
-2869.405694525163
-2425.6072938381385
-2799.5834885403674
-2797.671565191713
-2744.2542744326256
-2737.303652657256
-2446.1969539922193
-2625.3941569806957
-2556.2035680790614
-2763.908430475227
-2811.3485716598534
-2638.8335478630324
-2741.174971859842
-2696.3211873849014
-2424.0053202258405
-2777.1529614745195
-2665.5130810859064
-2567.9321166109003
-2366.9550354961775
-2995.0198239756446
-2607.684615994229
-2633.467116318745
-2818.660430188027
-2945.162590652275
-2651.5072737717874
-2708.241423896172
-2744.3722882987295
-2878.6018476776153
-3061.5767499837057
-2540.0540328511997
-2728.1374376878503
-2395.8159186969515
-2521.3346738933797
-2801.032420233878
-2800.971819114351
-2852.399663087823
-2921.306735107777
-2686.6385669726515
-2825.565643679418
-2681.3033929932353
-2948.56963738372
-3108.0870938648677
-3016.8375445888887
-2967.398916883023
-2810.5834572161584
-2905.904950419974
-2830.9705242817836
-2644.659177259098
-2647.4962140716434
-2706.467885586844
-2599.8358348087186
-2365.100339171835
-2810.1927525579395
-2819.7475449893245
-2662.4139438275197
-2751.0429971413287
-2463.8852155993773
-2903.132790779513
-2812.40470586851
-2744.7669385698573
-2743.2476250422133
-2581.8072711094337
-2756.856778581563
-2570.726964359221
-2368.872828614971
-2600.657126374963
-2634.311572919889
-2938.7033354078103
-3000.1646506366997
-2792.991922585881
-2813.6049244272126
-2807.7983266313513
-2778.7169045287756
-2822.671215257773
-2747.0434415221243
-2706.0290482793716
-2647.444088523973
-2729.5794113330667
-2599.925522043066
-2365.3228904965817
-2570.5345843093583
-2592.8981908780697
-2662.9522372964366
-2539.2245828281084
-2672.207777381709
-2809.459926756954
-2493.147103460902
-2417.8725660524815
-2589.4320327827427
-2616.7637819026004
-2669.177534340137
-2407.256632652785
-2516.186305036452
-2772.6918306461557
-2515.451114491845
-2344.07506657854
-2782.6786909383427
-2890.797681798582
-2272.148249404081
-2696.850308269468
-2412.1686578295376
-2666.1900629234096
-2543.9913623052325
-2589.083766665195
-2576.5329252154843
-2513.5897143886323
-2974.6796225413473
-2947.8277188833035
-2710.935060029673
-2946.283172550109
-2665.0275091280982
-2637.97502390334
-2469.6418363017456
-2849.3457529182433
-2549.362134594976
-2978.163869428705
-2538.365101280975
-2726.1210053286977
-2516.5458306859327
-2633.3102425088255
-2638.3803895072924
-2917.815105494854
-2764.725806616734
-2812.3417602734826
-2498.6314509311087
-2877.684523712287
-2180.8789319004736
-2411.749537607824
-2809.0239713127467
-2773.8577956334884
-2555.836656707037
-2735.6156133306995
-2506.4598738128534
-2486.0653731024267
-2496.787827711316
-3203.568881964402
-2549.2456583186868
-2478.698387636012
-2619.280712992435
-2476.5831932590045
-2666.293400719458
-2954.91037489926
-2724.91719677903
-2789.5263001707553
-2774.757445817504
-2355.4982201262537
-2883.484665622216
-2264.0184157803324
-2870.2612554740663
-2550.7747565794616
-2642.9571987207273
-2676.12157118289
-2497.6191429588525
-2781.5872864083067
-3108.074000467519
-2714.896720395791
-2996.5270765833266
-2384.175588284639
-2805.903238013483
-2854.3530796770647
-2872.04124077457
-2708.5239842880237
-2394.0863293980383
-3099.385672788376
-2523.6152395794234
-2614.4509141386043
-2643.95544412852
-2567.8831068506897
-2323.7456893889575
-2523.1544680928437
-2923.5079212483124
-2799.6721625055725
-2549.9142560713753
-2787.1144342143416
-3087.468677411167
-2832.36377342384
-2989.587975468323
-2566.551387803169
-2586.206287957457
-2926.6824797496374
-2834.826053366867
-2687.9713417402945
-3081.3582238539966
-2705.135105061434
-3183.1217466091184
-2693.7970601371053
-2676.217434257236
-2936.669451609103
-2685.9364412612667
-2808.745071766234
-2433.760573732976
-2622.5753975216176
-2844.326784137482
-2640.974396196556
-2836.7486690456226
-2507.6013303794443
-2705.844302513813
-2837.1161313938774
-2446.885342823409
-2594.116419744081
-2399.275023088245
-2650.4333611513084
-2706.344138509381
-2638.813869293923
-2944.8574809051224
-2776.849905830768
-2885.2085072192967
-2696.8068083059807
-2461.9185319792614
-2445.1440193168182
-2495.5305375431126
-3005.697883003242
-2857.1612130504654
-2614.526504427382
-2835.6511274571185
-2669.9064665061524
-2661.99723974884
-2800.7396079969694
-2542.8606678674296
-2832.869494582552
-2711.580483545531
-2869.5091036897775
-2728.6439454032534
-2921.1530910037163
-2618.4586851894073
-2667.482820573825
-2398.6025732907365
-2888.947104548841
-2880.185798552855
-2702.9072933068783
-2476.9007990860046
-2600.435556593173
-2709.5757958205904
-2847.513284573786
-2671.533832138841
-2384.933318770707
-2613.7672707954825
-2202.8235945058314
-2420.390200437698
-2909.0407764466163
-2771.7486784301236
-2790.2302158773236
-2750.5197123403923
-2828.0536152337245
-2650.457526581975
-2716.1215077746165
-2651.9296746469536
-2607.727201295509
-2803.069174619266
-2579.3158612725365
-2928.7850565664558
-2521.8876664530944
-2818.633096572965
-2874.8724295188313
-2804.3563883003444
-2788.307439927383
-2766.6914148947617
-2830.0796896477787
-2548.0719803444354
-2694.4571479124807
-2637.8323356420715
-2777.1959491366906
-2657.4109773058826
-2911.141099987124
-2586.948105353167
-2866.556344838802
-2458.9931495982382
-2554.768631330313
-2623.891081994756
-2744.074457403027
-2618.557961625129
-2792.2189317494685
-2754.2001095302694
-2871.5765964883794
-2825.8613593669415
-2477.115579626281
-2653.0750780257495
-2797.289503946804
-2690.3338556121125
-2606.667792164948
-2672.2063824818233
-2755.5394232970193
-2371.9957357678577
-2500.0742431499693
-2591.5864009791367
-2858.762327455479
-2656.3157687186867
-2802.19109193194
-2607.26355876824
-2843.9388938801894
-2747.5916209569496
-2979.1421208163847
-2677.7660569489017
-2614.8330476229858
-2910.5902040197107
-2598.235328533867
-2507.143566974657
-2576.0959600156584
-2645.268619366416
-2549.7674798020926
-2952.473140196733
-2464.90923084102
-2909.6685591491714
-2598.464706782228
-2543.434429359657
-2350.2108727727027
-2658.7938388960993
-2544.131246379333
-2850.10517941085
-2619.9492922009886
-2612.60766341385
-2496.153729268164
-2924.260183703369
-2495.3209204805135
-2526.0596338716314
-2870.675673074322
