24744.670150221224
24634.30247142088
24462.518281999764
24770.299414787332
24218.03198983988
24862.45569240651
24922.051527231044
24774.44773570769
24702.68801687297
24978.905859149098
25064.361419463567
24912.8103925456
24806.0875765281
24667.687482639092
24569.916527010908
24748.66389539287
25124.324700873614
24456.579544350687
25094.237977771416
24917.46454414774
25036.256316794643
24907.56915097958
25101.118835542824
25053.93081472074
24510.44532506053
24996.508037120147
24910.44121061154
24439.44332863587
24524.021808978512
25017.068694166097
25369.649650623534
25033.827573635434
24056.816416604066
24815.114460968747
24651.84848677597
24816.436693579024
24913.083267424037
24792.79520536567
24909.008814933928
24796.860371037
24998.909435399546
25261.882575743883
24820.577627340987
24466.844638450566
24655.831744436546
24675.084564996097
24837.545480558947
24695.459923003196
24832.986020061355
24748.282435107925
24704.10531809966
24505.061775940507
24711.87807245797
24444.551729817467
24974.04872778865
24453.288595166618
24431.48902453208
24686.64288023991
24574.9825334251
24894.344162860827
24453.40417292624
24643.95388637467
24783.23265752833
24941.246975260183
24549.025384368324
24653.580137646968
24550.711178921672
24979.680053478936
25075.708559410174
25107.58966079171
24667.811592692204
24387.90088456145
25239.8328128183
24663.289531681563
24665.284970468667
24820.302076107248
25107.725355015413
24857.593510479375
25021.498333871597
24803.309718436387
24553.088340138413
24662.12152858835
24611.91050036055
25245.932157040043
25334.933182429093
23823.836719240076
25030.471868878172
24234.480932219616
25008.97117298301
24882.468885254224
24623.37164668765
24372.973905596802
24836.676469448466
24647.131351095188
24930.4539802785
24259.414227210254
24969.183737204185
24634.345688657988
25142.276467741744
24754.10169493295
24640.253219847247
24691.79549758004
24653.01618127866
24507.683435302075
24830.66675669946
25225.386925879386
24971.5201727475
24793.559543235147
24328.495662133195
25171.747831176122
25510.066519348424
24795.422304874905
24897.849484132523
24643.20916492735
24376.51072331943
25015.106597217527
24697.697533295315
24754.392947644694
25153.622341594746
24885.970061609638
24567.537900620708
25000.374553661553
24979.50458678168
24961.726281250056
24433.290626604256
24748.673403913403
24561.98957594933
24361.984418965156
24868.76499029681
24921.615687620557
24661.76587141022
24827.94589963655
24699.064699457806
25022.44703444578
24886.663196507252
24864.051382334845
24313.14774968275
25101.538271155827
24682.186268734302
25415.766851942746
24602.095503636425
25089.24265567214
25152.92725775172
24829.347365143396
24978.060963448683
24475.1960462008
24636.864153487353
24512.85104146615
24397.486025283877
25402.14616710406
24636.83076516239
24933.41669559278
24931.206692914267
24909.496656963252
24798.12043049995
24935.97347719976
24853.475736586333
24954.16332118224
24725.273406245164
24900.886345394632
24219.445501511334
25087.502608643365
24916.872361673268
24753.18056960914
24629.033053344618
25050.985347770176
24709.55894038284
24520.48011692766
24891.971623666606
24862.335998378818
24754.266779016136
25059.649752980593
24310.406028290265
24879.305176073707
24677.938972121803
24257.91967685693
24617.477245960887
25275.041150722856
24374.14177487931
25015.21793074526
24739.237915259808
24612.51015095751
24796.402745994783
24813.471173577746
24999.76614733688
25153.048702828877
24871.487004992654
24812.674502126487
24814.040592189514
24739.614613120248
25133.767984421356
24360.911657638324
24956.409836043007
24620.855092017235
24954.009844886743
24706.688362236942
24499.720862163063
24879.930318974584
24517.92202937592
24359.58289291442
24972.778804574766
24373.235566310956
24935.20881911776
25141.670245978457
24509.148121503633
25022.95283577621
24345.02877067883
24841.33306952211
24409.45471952069
24916.238481977256
24330.00149722027
24752.442053091283
24799.565375244427
24508.825644501434
24661.972803309152
24228.31310917138
24919.088508069995
24893.887002846226
25034.39473042101
25047.25335904288
24461.294647326744
24937.8780091063
24698.295786858427
24930.74947608151
24703.098492249148
24841.7920265993
24402.623820615
24737.37695819074
24714.2044444297
24449.33670728816
24664.58290572845
24555.454510428113
25041.433350465857
24455.641609577586
24807.498698734606
24073.006586857133
24491.249149658717
24724.58497955584
24512.114034787977
24706.871822659035
24525.338376962078
24669.619850270377
24674.894594439196
24688.318660264435
24784.457362340065
24315.03084905346
24905.992405054116
24524.44216266233
24908.274374657143
25082.5529894188
24832.16173533936
25001.962399948607
24619.817091210316
24378.88969260917
24525.677065714022
24755.57152739264
24387.862327657363
25120.962698767522
24849.328942339802
24612.598398710026
24725.41339497789
24549.959762897743
24795.119162193267
24543.291393742547
25101.754144080485
24921.901184455768
24305.81329683739
24976.72622700887
25133.32767139563
24543.77442090097
24643.288693789014
25152.36053900457
24645.371358561286
24734.183824300984
24657.63735569176
24933.188552081097
24772.361076074063
24431.61776784301
25053.302116959174
24746.685175073682
25238.904566690035
24301.731032948075
24675.141491464376
24809.781799002063
25047.199385871667
24496.789956654553
25040.53191949315
24387.541456248146
24242.10346944833
25253.57502650378
24511.041403405798
24665.712060478174
24598.60579915013
24799.000267967385
24503.564042555663
24636.93571927106
24833.65732096289
24762.19101624401
24882.008748013868
24389.07061175663
24800.86048393265
25222.117920983874
24758.64881629488
24984.712218522094
25124.227325517422
24676.439785042217
24405.102175666652
24685.94579385021
24600.20728743823
24417.8688243852
24434.995085317132
24767.730991552613
24931.268445079768
24766.011800588283
24654.07730415302
24755.948573793903
24729.654824996753
24753.595712228962
24592.69378340405
24445.90611627564
24485.49997843805
24628.83065408047
24407.884931557834
24957.422482055343
24593.953029181932
24734.85751097357
25050.220212883032
24789.906069988217
24362.716275601124
24497.75895642449
24499.613987786302
24660.806703409675
24457.874540250457
24539.88911935743
24753.962835697952
25032.65821356806
24642.12250632335
24648.693195184533
24576.111474228208
24877.013236253923
24755.96099033823
24310.858627035384
24896.208517010746
24554.754097545272
24303.98952932244
24810.83206405573
25334.766494118536
25028.262524437363
24817.14673002866
25449.839001452077
24097.539907232298
24635.61277070037
24543.554353878113
24681.678975863826
25005.752808820755
24810.383467100473
24570.74066984025
24697.974729972208
24531.080291847902
24954.427605597324
24381.27390238658
24292.197950006164
24753.685335541428
24805.865489342883
25047.397384491982
24751.77906330979
24792.219920207724
24617.5941386551
24610.861966602417
24599.34616227622
24996.93279299306
24762.20596090553
24518.00470477668
24538.165591533143
24813.178526032527
25149.533700356405
24589.505300114404
24443.356419168762
24541.617492506186
24412.93890021499
24894.561293897998
24565.77134284399
25146.71260879407
24810.505269061592
24607.778549563038
24887.990083376797
24444.317283602504
24507.278414454813
24636.632872289112
24593.771734785354
24801.354344226493
24548.22959152211
24891.014855739806
24062.35613855806
24846.963477026104
24971.45168427052
24441.932038000698
24725.025804031473
24190.062990107122
25214.773928597504
24822.68291372031
24981.944601079143
24620.871480441034
24618.49735229319
24372.04207397395
24926.716568335134
24831.721114511296
24778.7994335821
24832.53036488557
24471.621980739517
24891.20102900624
24457.36999830603
24700.151350464082
24666.17153454273
23918.605530963578
24995.2757467595
24705.343045919843
24773.258836579356
24817.19210000964
24802.718702161743
24712.812134945605
24473.5933145757
24396.419832227846
24986.857709340693
24951.067458281206
24460.759076732866
24726.454864093343
24403.05059356866
24332.430567793992
24867.425955081504
24764.898256418746
24394.081072312918
24284.43874446273
24644.35219735835
24437.074811286453
24955.60252247614
24931.21466517607
25226.339418497955
24583.228368269272
24579.816523714355
24925.81666857162
24760.17914325966
24427.529384389607
25008.11946445796
24389.409177300375
24961.2826358425
25253.34495310972
24790.801908030197
24856.965349071645
25005.44693536265
25397.18584742299
24709.014593419168
24743.33419156295
24844.275882756643
24806.530532864366
24773.423091316152
24529.78539478485
25178.927892014763
24716.379069125585
24349.015408615196
24919.29160261844
25178.824478951494
24827.729706957063
24883.28603031762
24476.327165868643
25162.584211489135
24743.55755055992
24811.885013384403
24599.050373702798
24948.023273795356
24802.61947838246
24778.56594718444
24668.00651136694
24442.70657867563
24377.028153204585
24761.114982544837
24378.952811841642
25235.84330312466
24953.815544635305
25160.42174988625
24493.656026855657
24919.66348058186
24368.01632392488
24703.173199045305
24698.66000335991
25032.437780930835
24576.296269400977
24659.011137205052
25127.624540574245
24509.58366759739
24997.662625009638
24435.524376223933
24476.075078318107
24993.15056881096
24618.0664033757
24561.016369063145
24495.945245345756
